                              |
                              |
                              |
      11111  111              |
        111                   |
        111                   |
        111                   |
        111                   |
      1111111111              |
                              |
                              |
  11111 1 111111  1111111     |
                              |
                              |
1111111111111111111111111     |
                              |
                              |
                              |
                              |
                              |